1,570142534,99863824,57204
2,570142533,99863826,57164
3,570142531,99863828,57083
4,570142528,99863830,57041
5,570142528,99863835,57021
6,570142525,99863840,56958
7,570142522,99863843,56914
8,570142521,99863847,56865
9,570142523,99863854,56853
10,570142523,99863862,56859
11,570142521,99863869,56807
12,570142518,99863873,56737
13,570142515,99863880,56708
14,570142514,99863887,56666
15,570142512,99863894,56600
16,570142513,99863903,56594
17,570142510,99863909,56594
18,570142509,99863917,56569
19,570142507,99863923,56524
20,570142502,99863926,56502
21,570142498,99863932,56423
22,570142493,99863937,56313
23,570142490,99863944,56230
24,570142488,99863951,56121
25,570142485,99863958,56016
26,570142481,99863966,55957
27,570142478,99863971,55890
28,570142474,99863980,55866
29,570142471,99863989,55876
30,570142468,99863994,55788
31,570142466,99864000,55737
32,570142463,99864007,55685
33,570142462,99864015,55690
34,570142459,99864021,55667
35,570142456,99864026,55617
36,570142454,99864029,55660
37,570142450,99864031,55678
38,570142448,99864037,55720
39,570142446,99864044,55738
40,570142444,99864047,55792
41,570142444,99864049,55822
42,570142441,99864049,55822
43,570142439,99864052,55843
44,570142434,99864055,55844
45,570142428,99864058,55796
46,570142422,99864061,55729
47,570142415,99864061,55673
48,570142411,99864063,55662
49,570142406,99864066,55679
50,570142402,99864068,55682
51,570142398,99864071,55680
52,570142394,99864074,55674
53,570142391,99864075,55671
54,570142387,99864076,55659
55,570142381,99864077,55624
56,570142376,99864080,55649
57,570142373,99864081,55660
58,570142369,99864081,55632
59,570142365,99864080,55617
60,570142363,99864082,55645
61,570142361,99864081,55647
62,570142359,99864078,55715
63,570142356,99864076,55760
64,570142353,99864075,55821
65,570142350,99864072,55810
66,570142351,99864070,55830
67,570142351,99864067,55880
68,570142353,99864068,55975
69,570142350,99864067,56056
70,570142345,99864064,56087
71,570142343,99864063,56142
72,570142341,99864060,56173
73,570142340,99864058,56251
74,570142341,99864057,56285
75,570142340,99864056,56289
76,570142341,99864059,56370
77,570142342,99864061,56462
78,570142339,99864060,56428
79,570142337,99864059,56449
80,570142336,99864061,56477
81,570142333,99864059,56485
82,570142334,99864056,56531
83,570142334,99864053,56549
84,570142331,99864048,56514
85,570142327,99864044,56488
86,570142325,99864040,56500
87,570142321,99864033,56462
88,570142318,99864029,56474
89,570142313,99864022,56460
90,570142310,99864015,56434
91,570142309,99864012,56404
92,570142305,99864008,56296
93,570142302,99864001,56222
94,570142298,99863992,56144
95,570142290,99863985,56057
96,570142285,99863981,56016
97,570142280,99863976,55924
98,570142279,99863973,55899
99,570142274,99863965,55816
100,570142270,99863957,55751
101,570142263,99863947,55582
102,570142259,99863943,55433
103,570142256,99863941,55316
104,570142252,99863939,55196
105,570142248,99863935,55063
106,570142244,99863927,54906
107,570142235,99863920,54766
108,570142227,99863914,54591
109,570142220,99863908,54461
110,570142209,99863905,54263
111,570142200,99863901,54125
112,570142190,99863899,54009
113,570142185,99863897,53958
114,570142183,99863896,53904
115,570142175,99863898,53798
116,570142163,99863897,53545
117,570142155,99863895,53403
118,570142149,99863893,53311
119,570142149,99863891,53261
120,570142147,99863890,53158
121,570142146,99863893,52970
122,570142145,99863892,52879
123,570142138,99863889,52722
124,570142133,99863884,52634
125,570142131,99863882,52557
126,570142127,99863880,52394
127,570142129,99863874,52380
128,570142129,99863868,52333
129,570142127,99863865,52320
130,570142124,99863863,52265
131,570142122,99863860,52281
132,570142116,99863854,52249
133,570142112,99863851,52177
134,570142113,99863844,52098
135,570142118,99863839,52087
136,570142117,99863832,52055
137,570142117,99863828,52164
138,570142118,99863823,52187
139,570142119,99863818,52319
140,570142118,99863815,52374
141,570142123,99863810,52507
142,570142123,99863808,52581
143,570142120,99863807,52662
144,570142122,99863811,52731
145,570142127,99863815,52798
146,570142128,99863815,52762
147,570142126,99863814,52695
148,570142119,99863814,52713
149,570142114,99863810,52685
150,570142113,99863802,52718
151,570142110,99863797,52802
152,570142105,99863793,52794
153,570142103,99863790,52823
154,570142095,99863788,52858
155,570142083,99863787,52886
156,570142071,99863788,52873
157,570142070,99863791,53060
158,570142062,99863790,53054
159,570142058,99863785,53059
160,570142048,99863781,52982
161,570142045,99863776,52976
162,570142048,99863772,53086
163,570142045,99863765,53066
164,570142043,99863759,53014
165,570142041,99863754,53045
166,570142041,99863750,53103
167,570142041,99863749,53092
168,570142040,99863750,53115
169,570142039,99863749,53207
170,570142035,99863747,53221
171,570142029,99863744,53286
172,570142023,99863745,53232
173,570142013,99863747,53185
174,570142008,99863748,53197
175,570142005,99863747,53230
176,570142000,99863750,53261
177,570141998,99863749,53247
178,570141997,99863748,53352
179,570141993,99863747,53403
180,570141988,99863744,53452
181,570141983,99863743,53489
182,570141976,99863739,53543
183,570141971,99863734,53593
184,570141968,99863729,53622
185,570141961,99863725,53640
186,570141953,99863722,53658
187,570141947,99863717,53663
188,570141944,99863714,53710
189,570141939,99863711,53738
190,570141938,99863709,53778
191,570141935,99863708,53820
192,570141930,99863707,53789
193,570141925,99863705,53744
194,570141921,99863703,53736
195,570141916,99863698,53712
196,570141914,99863692,53718
197,570141914,99863689,53733
198,570141910,99863688,53745
199,570141910,99863687,53748
200,570141910,99863683,53752
201,570141908,99863677,53740
202,570141901,99863674,53628
203,570141896,99863671,53611
204,570141894,99863672,53640
205,570141889,99863671,53593
206,570141887,99863671,53599
207,570141885,99863664,53481
208,570141884,99863659,53376
209,570141882,99863655,53250
210,570141885,99863649,53230
211,570141889,99863644,53171
212,570141888,99863639,53080
213,570141887,99863636,53037
214,570141890,99863631,53002
215,570141889,99863626,52947
216,570141890,99863626,52890
217,570141898,99863623,52928
218,570141901,99863623,52920
219,570141906,99863619,52905
220,570141911,99863616,52906
221,570141916,99863608,52913
222,570141921,99863603,52934
223,570141924,99863597,52916
224,570141928,99863596,52875
225,570141932,99863599,52832
226,570141932,99863599,52759
227,570141934,99863595,52720
228,570141936,99863592,52721
229,570141936,99863590,52753
230,570141938,99863586,52671
231,570141941,99863584,52592
232,570141944,99863589,52574
233,570141945,99863594,52509
234,570141943,99863601,52357
235,570141933,99863606,52097
236,570141922,99863613,51827
237,570141926,99863619,51824
238,570141926,99863620,51719
239,570141931,99863621,51640
240,570141929,99863627,51562
241,570141926,99863631,51469
242,570141926,99863635,51385
243,570141922,99863641,51292
244,570141918,99863644,51191
245,570141917,99863642,51101
246,570141916,99863642,51078
247,570141908,99863640,51030
248,570141904,99863637,50929
249,570141904,99863636,50939
250,570141900,99863633,50981
251,570141898,99863630,50953
252,570141893,99863631,50816
253,570141889,99863632,50726
254,570141884,99863630,50626
255,570141879,99863628,50454
256,570141874,99863628,50243
257,570141874,99863628,50129
258,570141872,99863627,50006
259,570141870,99863627,49898
260,570141869,99863632,49789
261,570141867,99863636,49718
262,570141865,99863637,49594
263,570141869,99863644,49598
264,570141873,99863647,49594
265,570141871,99863647,49425
266,570141869,99863649,49303
267,570141872,99863648,49186
268,570141874,99863650,49102
269,570141878,99863651,49080
270,570141878,99863653,49009
271,570141878,99863656,48941
272,570141883,99863659,48992
273,570141881,99863662,48947
274,570141888,99863665,48971
275,570141882,99863668,48767
276,570141883,99863678,48660
277,570141886,99863687,48537
278,570141886,99863692,48399
279,570141884,99863698,48221
280,570141893,99863704,48181
281,570141900,99863705,48123
282,570141904,99863708,48046
283,570141908,99863710,47917
284,570141914,99863713,47859
285,570141917,99863718,47754
286,570141923,99863718,47651
287,570141931,99863718,47527
288,570141939,99863719,47524
289,570141945,99863720,47549
290,570141952,99863725,47584
291,570141954,99863728,47583
292,570141958,99863729,47528
293,570141958,99863732,47529
294,570141967,99863731,47687
295,570141971,99863730,47734
296,570141982,99863736,47840
297,570141997,99863744,47977
298,570142007,99863749,48025
299,570142016,99863754,48144
300,570142020,99863757,48180
301,570142024,99863761,48169
302,570142028,99863764,48210
303,570142032,99863765,48125
304,570142037,99863766,48069
305,570142042,99863763,47996
306,570142045,99863762,47936
307,570142049,99863763,47914
308,570142056,99863762,47973
309,570142054,99863763,47922
310,570142056,99863764,47946
311,570142063,99863760,47940
312,570142064,99863762,47843
313,570142070,99863764,47836
314,570142079,99863764,47941
315,570142086,99863761,47930
316,570142089,99863758,47963
317,570142091,99863753,48074
318,570142090,99863755,48059
319,570142093,99863758,48055
320,570142095,99863761,48127
321,570142096,99863768,48148
322,570142096,99863770,48145
323,570142097,99863769,48161
324,570142097,99863766,48173
325,570142097,99863763,48233
326,570142099,99863760,48218
327,570142099,99863762,48224
328,570142100,99863767,48289
329,570142099,99863771,48238
330,570142100,99863770,48238
331,570142100,99863770,48237
332,570142099,99863771,48236
333,570142096,99863776,48254
334,570142093,99863780,48292
335,570142091,99863781,48396
336,570142093,99863778,48372
337,570142090,99863775,48288
338,570142085,99863775,48312
339,570142081,99863777,48314
340,570142080,99863778,48297
341,570142080,99863779,48353
342,570142082,99863777,48387
343,570142082,99863775,48342
344,570142086,99863773,48385
345,570142092,99863768,48416
346,570142097,99863767,48479
347,570142102,99863762,48510
348,570142109,99863763,48632
349,570142114,99863763,48710
350,570142123,99863758,48747
351,570142125,99863753,48807
352,570142129,99863748,48800
353,570142133,99863745,48860
354,570142136,99863739,48927
355,570142141,99863733,48974
356,570142148,99863725,48995
357,570142155,99863719,48979
358,570142163,99863716,49015
359,570142174,99863713,48956
360,570142180,99863708,48935
361,570142185,99863702,48837
362,570142193,99863699,48749
363,570142196,99863693,48588
364,570142201,99863688,48494
365,570142205,99863685,48542
366,570142208,99863682,48486
367,570142210,99863680,48463
368,570142214,99863679,48452
369,570142220,99863674,48449
370,570142222,99863672,48444
371,570142221,99863669,48377
372,570142219,99863670,48251
373,570142220,99863674,48275
374,570142217,99863674,48209
375,570142212,99863678,48243
376,570142209,99863680,48113
377,570142205,99863678,48137
378,570142200,99863679,48048
379,570142197,99863681,47973
380,570142194,99863684,47893
381,570142197,99863681,47886
382,570142193,99863682,47793
383,570142194,99863680,47716
384,570142198,99863679,47520
385,570142198,99863677,47368
386,570142197,99863678,47345
387,570142191,99863680,47325
388,570142189,99863684,47215
389,570142190,99863689,47136
390,570142189,99863693,47023
391,570142188,99863697,46957
392,570142189,99863703,46929
393,570142190,99863705,46824
394,570142190,99863713,46783
395,570142192,99863720,46590
396,570142193,99863729,46480
397,570142192,99863738,46387
398,570142188,99863743,46268
399,570142186,99863746,46171
400,570142187,99863753,46085
401,570142186,99863757,46024
402,570142187,99863756,45844
403,570142185,99863756,45722
404,570142186,99863757,45576
405,570142187,99863760,45464
406,570142191,99863762,45371
407,570142192,99863761,45207
408,570142195,99863762,45079
409,570142196,99863764,44949
410,570142196,99863759,44730
411,570142202,99863756,44660
412,570142205,99863753,44505
413,570142210,99863755,44419
414,570142222,99863754,44277
415,570142231,99863750,44207
416,570142233,99863743,44211
417,570142232,99863733,44079
418,570142236,99863731,44050
419,570142236,99863727,43896
420,570142240,99863721,43908
421,570142250,99863714,44009
422,570142257,99863710,44004
423,570142263,99863706,44043
424,570142262,99863701,43968
425,570142265,99863700,44077
426,570142267,99863696,44098
427,570142266,99863692,44053
428,570142266,99863683,44030
429,570142271,99863677,43981
430,570142275,99863675,43982
431,570142284,99863671,43983
432,570142289,99863662,43891
433,570142289,99863655,43835
434,570142288,99863649,43807
435,570142286,99863645,43794
436,570142281,99863638,43809
437,570142273,99863635,43870
438,570142271,99863621,43786
439,570142270,99863614,43765
440,570142262,99863613,43865
441,570142254,99863611,43969
442,570142248,99863602,43950
443,570142242,99863593,43894
444,570142236,99863583,43930
445,570142229,99863576,43996
446,570142235,99863575,44154
447,570142235,99863570,44235
448,570142228,99863569,44396
449,570142225,99863556,44479
450,570142219,99863554,44642
451,570142220,99863548,44663
452,570142230,99863545,44647
453,570142233,99863538,44611
454,570142232,99863535,44566
455,570142236,99863528,44493
456,570142241,99863519,44373
457,570142246,99863513,44352
458,570142249,99863506,44299
459,570142251,99863498,44248
460,570142259,99863492,44313
461,570142264,99863478,44223
462,570142272,99863462,44134
463,570142278,99863444,44000
464,570142282,99863432,43922
465,570142284,99863429,43904
466,570142285,99863430,44069
467,570142287,99863418,44058
468,570142288,99863411,44147
469,570142289,99863398,44104
470,570142288,99863396,44148
471,570142293,99863397,44241
472,570142296,99863400,44323
473,570142299,99863397,44316
474,570142300,99863394,44311
475,570142299,99863391,44294
476,570142297,99863383,44224
477,570142293,99863371,44122
478,570142293,99863366,44062
479,570142290,99863356,43897
480,570142292,99863349,43822
481,570142290,99863342,43756
482,570142291,99863338,43735
483,570142291,99863333,43656
484,570142290,99863329,43625
485,570142290,99863324,43559
486,570142292,99863322,43561
487,570142295,99863319,43543
488,570142299,99863318,43551
489,570142299,99863319,43637
490,570142299,99863315,43597
491,570142299,99863313,43603
492,570142298,99863310,43628
493,570142295,99863307,43660
494,570142292,99863308,43729
495,570142289,99863304,43720
496,570142288,99863302,43761
497,570142288,99863297,43783
498,570142284,99863290,43783
499,570142280,99863291,43834
500,570142276,99863294,43946
501,570142274,99863294,44041
502,570142271,99863300,44189
503,570142268,99863309,44348
504,570142265,99863315,44492
505,570142263,99863322,44640
506,570142259,99863328,44747
507,570142256,99863337,44900
508,570142254,99863349,45083
509,570142251,99863360,45218
510,570142246,99863368,45318
511,570142240,99863382,45525
512,570142237,99863400,45788
513,570142232,99863418,46066
514,570142229,99863435,46342
515,570142225,99863446,46533
516,570142220,99863465,46840
517,570142216,99863478,47060
518,570142213,99863492,47325
519,570142209,99863505,47507
520,570142203,99863519,47693
521,570142197,99863534,47907
522,570142191,99863550,48154
523,570142184,99863564,48379
524,570142179,99863577,48593
525,570142175,99863590,48799
526,570142172,99863603,48993
527,570142169,99863615,49216
528,570142165,99863625,49423
529,570142160,99863641,49687
530,570142157,99863653,49853
531,570142153,99863667,50070
532,570142151,99863683,50318
533,570142150,99863698,50563
534,570142148,99863710,50775
535,570142147,99863721,50980
536,570142144,99863734,51186
537,570142143,99863744,51345
538,570142145,99863748,51427
539,570142144,99863750,51510
540,570142144,99863758,51683
541,570142144,99863770,51919
542,570142146,99863779,52094
543,570142146,99863782,52171
544,570142145,99863788,52288
545,570142146,99863794,52385
546,570142146,99863802,52537
547,570142146,99863809,52664
548,570142144,99863818,52765
549,570142146,99863826,52886
550,570142145,99863833,52977
551,570142142,99863845,53140
552,570142140,99863854,53263
553,570142139,99863858,53312
554,570142136,99863862,53381
555,570142135,99863865,53430
556,570142136,99863864,53446
557,570142133,99863874,53592
558,570142130,99863885,53744
559,570142130,99863890,53844
560,570142130,99863900,53995
561,570142127,99863911,54158
562,570142123,99863927,54404
563,570142121,99863933,54506
564,570142117,99863944,54654
565,570142114,99863944,54652
566,570142108,99863951,54760
567,570142103,99863954,54788
568,570142099,99863956,54823
569,570142096,99863960,54862
570,570142092,99863961,54867
571,570142090,99863958,54853
572,570142087,99863960,54876
573,570142083,99863959,54861
574,570142078,99863957,54826
575,570142073,99863958,54819
576,570142070,99863961,54890
577,570142069,99863961,54913
578,570142070,99863957,54899
579,570142071,99863955,54865
580,570142068,99863954,54849
581,570142063,99863953,54811
582,570142060,99863949,54727
583,570142058,99863948,54701
584,570142058,99863949,54718
585,570142059,99863947,54720
586,570142059,99863942,54696
587,570142058,99863943,54749
588,570142056,99863944,54730
589,570142052,99863949,54762
590,570142052,99863949,54752
591,570142053,99863949,54783
592,570142050,99863950,54760
593,570142046,99863950,54738
594,570142040,99863951,54700
595,570142035,99863952,54697
596,570142033,99863954,54681
597,570142029,99863956,54684
598,570142026,99863961,54715
599,570142026,99863964,54727
600,570142024,99863969,54764
601,570142022,99863970,54744
602,570142021,99863971,54731
603,570142020,99863972,54667
604,570142019,99863972,54597
605,570142017,99863975,54574
606,570142015,99863974,54514
607,570142015,99863973,54437
608,570142017,99863971,54358
609,570142018,99863972,54317
610,570142013,99863979,54314
611,570142012,99863980,54250
612,570142008,99863986,54262
613,570142006,99863988,54234
614,570142006,99863986,54142
615,570142008,99863983,54048
616,570142010,99863984,54051
617,570142009,99863983,54002
618,570142007,99863983,53946
619,570142002,99863988,53933
620,570141998,99863990,53869
621,570141998,99863989,53804
622,570141996,99863994,53808
623,570141992,99863999,53768
624,570141990,99864006,53783
625,570141986,99864015,53829
626,570141984,99864017,53769
627,570141981,99864021,53765
628,570141977,99864025,53723
629,570141973,99864028,53662
630,570141971,99864031,53614
631,570141973,99864033,53555
632,570141972,99864035,53474
633,570141968,99864039,53413
634,570141964,99864043,53363
635,570141959,99864047,53311
636,570141956,99864051,53256
637,570141957,99864054,53178
638,570141954,99864059,53102
639,570141952,99864062,53031
640,570141951,99864063,52934
641,570141949,99864064,52807
642,570141947,99864068,52734
643,570141947,99864073,52674
644,570141945,99864081,52636
645,570141946,99864085,52571
646,570141950,99864087,52483
647,570141953,99864089,52371
648,570141957,99864089,52250
649,570141961,99864087,52157
650,570141968,99864083,52033
651,570141973,99864082,51975
652,570141976,99864086,51955
653,570141979,99864087,51902
654,570141982,99864088,51822
655,570141984,99864089,51748
656,570141989,99864091,51700
657,570141992,99864093,51650
658,570141997,99864097,51650
659,570141999,99864101,51609
660,570142004,99864103,51586
661,570142007,99864104,51519
662,570142012,99864103,51429
663,570142018,99864101,51367
664,570142023,99864098,51257
665,570142027,99864096,51144
666,570142032,99864096,51079
667,570142036,99864097,51000
668,570142040,99864099,50951
669,570142045,99864104,50909
670,570142047,99864111,50901
671,570142052,99864110,50825
672,570142056,99864108,50774
673,570142058,99864106,50708
674,570142062,99864104,50638
675,570142068,99864099,50540
676,570142076,99864092,50440
677,570142081,99864090,50367
678,570142085,99864090,50329
679,570142087,99864091,50275
680,570142089,99864089,50199
681,570142092,99864085,50155
682,570142091,99864086,50135
683,570142092,99864090,50135
684,570142097,99864088,50078
685,570142102,99864085,50007
686,570142108,99864087,50002
687,570142115,99864081,49954
688,570142120,99864077,49897
689,570142122,99864078,49922
690,570142127,99864074,49887
691,570142130,99864078,49923
692,570142134,99864080,49924
693,570142136,99864079,49890
694,570142141,99864070,49791
695,570142144,99864067,49818
696,570142147,99864061,49794
697,570142153,99864052,49706
698,570142157,99864044,49650
699,570142162,99864038,49597
700,570142172,99864025,49478
701,570142177,99864015,49463
702,570142180,99864010,49462
703,570142188,99864000,49418
704,570142198,99863990,49358
705,570142201,99863988,49359
706,570142209,99863980,49328
707,570142217,99863969,49233
708,570142224,99863957,49129
709,570142225,99863951,49086
710,570142227,99863948,49109
711,570142233,99863942,49060
712,570142236,99863942,49068
713,570142240,99863938,49021
714,570142246,99863933,49001
715,570142251,99863925,48966
716,570142255,99863916,48929
717,570142260,99863909,48879
718,570142265,99863900,48855
719,570142271,99863891,48832
720,570142274,99863889,48868
721,570142274,99863884,48874
722,570142273,99863877,48863
723,570142273,99863873,48867
724,570142277,99863870,48868
725,570142282,99863868,48907
726,570142285,99863865,48960
727,570142289,99863863,48986
728,570142295,99863858,48971
729,570142301,99863852,48951
730,570142307,99863847,48947
731,570142314,99863843,48969
732,570142320,99863838,48971
733,570142325,99863832,48989
734,570142329,99863829,49085
735,570142334,99863825,49179
736,570142336,99863826,49299
737,570142337,99863830,49428
738,570142334,99863827,49421
739,570142331,99863826,49439
740,570142328,99863825,49476
741,570142324,99863825,49528
742,570142320,99863824,49589
743,570142318,99863819,49633
744,570142315,99863819,49697
745,570142313,99863819,49743
746,570142313,99863819,49782
747,570142315,99863821,49830
748,570142314,99863822,49902
749,570142313,99863825,50008
750,570142313,99863823,50053
751,570142314,99863820,50073
752,570142312,99863820,50125
753,570142309,99863823,50215
754,570142307,99863825,50264
755,570142305,99863828,50326
756,570142302,99863833,50386
757,570142299,99863836,50428
758,570142295,99863843,50530
759,570142293,99863846,50570
760,570142291,99863848,50590
761,570142290,99863850,50627
762,570142289,99863850,50614
763,570142290,99863849,50591
764,570142292,99863852,50614
765,570142294,99863851,50592
766,570142293,99863850,50612
767,570142290,99863852,50619
768,570142287,99863854,50664
769,570142286,99863857,50691
770,570142286,99863858,50721
771,570142286,99863855,50747
772,570142285,99863855,50789
773,570142283,99863857,50785
774,570142282,99863857,50765
775,570142279,99863855,50749
776,570142279,99863855,50767
777,570142279,99863849,50745
778,570142279,99863843,50717
779,570142279,99863840,50727
780,570142278,99863838,50749
781,570142278,99863837,50758
782,570142277,99863830,50703
783,570142279,99863822,50659
784,570142279,99863819,50686
785,570142276,99863813,50661
786,570142272,99863813,50673
787,570142270,99863811,50656
788,570142269,99863810,50653
789,570142268,99863809,50662
790,570142265,99863809,50658
791,570142261,99863814,50679
792,570142256,99863818,50681
793,570142255,99863821,50686
794,570142253,99863825,50699
795,570142252,99863826,50699
796,570142251,99863827,50699
797,570142250,99863826,50673
798,570142248,99863825,50672
799,570142246,99863821,50645
800,570142244,99863819,50601
801,570142242,99863820,50592
802,570142241,99863823,50607
803,570142238,99863826,50631
804,570142236,99863825,50579
805,570142235,99863826,50582
806,570142240,99863823,50488
807,570142243,99863821,50459
808,570142247,99863820,50402
809,570142254,99863814,50282
810,570142263,99863808,50164
811,570142263,99863804,50132
812,570142267,99863798,50060
813,570142268,99863794,50045
814,570142273,99863791,50007
815,570142279,99863783,49908
816,570142280,99863779,49851
817,570142286,99863773,49722
818,570142289,99863767,49672
819,570142295,99863765,49615
820,570142301,99863760,49568
821,570142303,99863756,49529
822,570142308,99863750,49426
823,570142314,99863742,49349
824,570142324,99863730,49194
825,570142328,99863724,49155
826,570142330,99863716,49113
827,570142334,99863705,49021
828,570142336,99863702,49016
829,570142335,99863696,48967
830,570142334,99863687,48938
831,570142332,99863680,48887
832,570142330,99863673,48847
833,570142333,99863659,48736
834,570142332,99863649,48750
835,570142333,99863638,48713
836,570142335,99863627,48700
837,570142334,99863620,48714
838,570142329,99863611,48684
839,570142326,99863604,48669
840,570142321,99863596,48672
841,570142316,99863591,48711
842,570142305,99863592,48804
843,570142305,99863580,48787
844,570142301,99863575,48822
845,570142293,99863574,48843
846,570142285,99863572,48836
847,570142278,99863571,48862
848,570142275,99863562,48826
849,570142269,99863558,48858
850,570142265,99863552,48835
851,570142260,99863549,48864
852,570142256,99863543,48850
853,570142254,99863539,48821
854,570142250,99863539,48868
855,570142248,99863530,48795
856,570142250,99863521,48740
857,570142249,99863512,48711
858,570142248,99863506,48687
859,570142248,99863499,48662
860,570142248,99863491,48641
861,570142248,99863485,48625
862,570142241,99863482,48670
863,570142239,99863477,48615
864,570142234,99863474,48651
865,570142231,99863466,48599
866,570142229,99863456,48579
867,570142225,99863448,48560
868,570142223,99863440,48544
869,570142220,99863428,48475
870,570142221,99863419,48429
871,570142219,99863416,48427
872,570142218,99863412,48410
873,570142219,99863407,48387
874,570142216,99863402,48399
875,570142217,99863398,48340
876,570142216,99863399,48311
877,570142213,99863400,48295
878,570142212,99863401,48241
879,570142217,99863397,48148
880,570142216,99863396,48182
881,570142213,99863393,48184
882,570142208,99863393,48199
883,570142204,99863392,48190
884,570142202,99863388,48165
885,570142198,99863382,48151
886,570142197,99863377,48133
887,570142194,99863375,48189
888,570142192,99863370,48177
889,570142191,99863365,48154
890,570142189,99863360,48145
891,570142184,99863360,48213
892,570142184,99863357,48222
893,570142186,99863351,48223
894,570142189,99863342,48206
895,570142188,99863337,48177
896,570142184,99863334,48182
897,570142184,99863331,48196
898,570142182,99863328,48202
899,570142180,99863326,48203
900,570142182,99863323,48169
901,570142180,99863321,48200
902,570142181,99863314,48121
903,570142183,99863310,48105
904,570142186,99863304,48023
905,570142186,99863301,48058
906,570142189,99863295,48017
907,570142190,99863292,47947
908,570142189,99863293,47936
909,570142189,99863294,47940
910,570142188,99863291,47978
911,570142186,99863289,48001
912,570142184,99863289,48015
913,570142184,99863288,48023
914,570142184,99863286,48023
915,570142183,99863284,48056
916,570142180,99863284,48065
917,570142174,99863284,48103
918,570142167,99863283,48166
919,570142161,99863283,48195
920,570142155,99863281,48211
921,570142149,99863278,48233
922,570142144,99863278,48243
923,570142141,99863278,48236
924,570142139,99863276,48207
925,570142137,99863278,48190
926,570142131,99863279,48229
927,570142128,99863282,48218
928,570142123,99863284,48185
929,570142119,99863287,48150
930,570142119,99863289,48124
931,570142117,99863293,48128
932,570142114,99863294,48133
933,570142115,99863297,48135
934,570142114,99863301,48147
935,570142114,99863304,48171
936,570142113,99863307,48190
937,570142115,99863310,48172
938,570142114,99863309,48128
939,570142113,99863309,48114
940,570142112,99863310,48111
941,570142112,99863314,48137
942,570142110,99863319,48187
943,570142110,99863321,48162
944,570142107,99863324,48126
945,570142107,99863327,48096
946,570142107,99863331,48073
947,570142111,99863333,47995
948,570142114,99863336,47991
949,570142116,99863340,48020
950,570142114,99863346,48023
951,570142115,99863348,48004
952,570142112,99863352,48094
953,570142110,99863355,48084
954,570142112,99863353,48101
955,570142115,99863355,48110
956,570142114,99863356,48160
957,570142117,99863356,48173
958,570142120,99863355,48169
959,570142126,99863353,48185
960,570142129,99863353,48216
961,570142134,99863351,48195
962,570142135,99863351,48247
963,570142138,99863354,48260
964,570142145,99863357,48236
965,570142150,99863355,48241
966,570142151,99863358,48311
967,570142153,99863359,48278
968,570142155,99863357,48223
969,570142155,99863359,48246
970,570142159,99863358,48174
971,570142161,99863359,48139
972,570142160,99863356,48057
973,570142158,99863357,48034
974,570142162,99863358,48014
975,570142165,99863360,48033
976,570142168,99863364,48079
977,570142171,99863367,48076
978,570142176,99863373,48127
979,570142178,99863377,48145
980,570142185,99863379,48132
981,570142188,99863378,48157
982,570142189,99863380,48146
983,570142190,99863379,48185
984,570142188,99863377,48206
985,570142191,99863378,48271
986,570142192,99863377,48299
987,570142189,99863375,48304
988,570142189,99863374,48328
989,570142188,99863368,48170
990,570142183,99863360,48067
991,570142177,99863354,47955
992,570142174,99863349,47868
993,570142171,99863345,47787
994,570142169,99863340,47717
995,570142170,99863340,47761
996,570142168,99863334,47675
997,570142168,99863331,47656
998,570142170,99863327,47572
999,570142169,99863319,47431
1000,570142168,99863313,47420
1001,570142168,99863308,47385
1002,570142168,99863308,47458
1003,570142171,99863306,47417
1004,570142173,99863303,47315
1005,570142180,99863300,47287
1006,570142185,99863291,47107
1007,570142189,99863286,47063
1008,570142193,99863283,47094
1009,570142193,99863277,47118
1010,570142197,99863277,47320
1011,570142199,99863272,47303
1012,570142201,99863270,47268
1013,570142200,99863265,47265
1014,570142201,99863257,47165
1015,570142205,99863254,47128
1016,570142205,99863252,47169
1017,570142204,99863249,46993
1018,570142200,99863243,46895
1019,570142197,99863241,46756
1020,570142195,99863237,46760
1021,570142188,99863230,46599
1022,570142180,99863225,46436
1023,570142181,99863222,46411
1024,570142184,99863222,46484
1025,570142176,99863212,46226
1026,570142173,99863207,46249
1027,570142169,99863198,46079
1028,570142171,99863193,45983
1029,570142172,99863187,45848
1030,570142169,99863180,45591
1031,570142159,99863176,45302
1032,570142154,99863176,45182
1033,570142150,99863179,45207
1034,570142143,99863175,45053
1035,570142136,99863173,44940
1036,570142130,99863171,44828
1037,570142127,99863175,44839
1038,570142131,99863178,45053
1039,570142121,99863178,45036
1040,570142119,99863178,44924
1041,570142110,99863186,45061
1042,570142104,99863189,45014
1043,570142105,99863187,45002
1044,570142107,99863187,45063
1045,570142112,99863184,45059
1046,570142112,99863175,44980
1047,570142107,99863168,44947
1048,570142104,99863158,44856
1049,570142107,99863149,44882
1050,570142106,99863143,44780
1051,570142113,99863140,44757
1052,570142112,99863137,44675
1053,570142111,99863132,44642
1054,570142111,99863124,44609
1055,570142118,99863125,44738
1056,570142117,99863130,44676
1057,570142123,99863142,44834
1058,570142133,99863146,44973
1059,570142138,99863150,45005
1060,570142144,99863154,45096
1061,570142144,99863150,44925
1062,570142138,99863144,44703
1063,570142130,99863140,44508
1064,570142127,99863138,44426
1065,570142127,99863141,44435
1066,570142129,99863141,44421
1067,570142131,99863144,44516
1068,570142129,99863146,44432
1069,570142126,99863149,44568
1070,570142123,99863148,44468
1071,570142116,99863146,44323
1072,570142114,99863150,44202
1073,570142118,99863150,44027
1074,570142120,99863146,43863
1075,570142123,99863144,43812
1076,570142122,99863144,43699
1077,570142133,99863143,43676
1078,570142148,99863141,43747
1079,570142158,99863130,43713
1080,570142168,99863121,43655
1081,570142176,99863114,43606
1082,570142183,99863107,43562
1083,570142186,99863103,43466
1084,570142188,99863105,43398
1085,570142194,99863105,43352
1086,570142196,99863112,43397
1087,570142196,99863124,43529
1088,570142194,99863130,43594
1089,570142197,99863132,43624
1090,570142196,99863134,43632
1091,570142196,99863139,43626
1092,570142195,99863142,43543
1093,570142196,99863150,43591
1094,570142196,99863141,43387
1095,570142199,99863140,43348
1096,570142196,99863149,43495
1097,570142194,99863145,43461
1098,570142193,99863149,43541
1099,570142197,99863155,43629
1100,570142202,99863159,43706
1101,570142204,99863159,43700
1102,570142206,99863158,43627
1103,570142205,99863158,43634
1104,570142202,99863153,43533
1105,570142200,99863150,43456
1106,570142197,99863145,43408
1107,570142194,99863146,43446
1108,570142196,99863150,43553
1109,570142197,99863152,43600
1110,570142198,99863158,43708
1111,570142202,99863163,43739
1112,570142213,99863170,43767
1113,570142220,99863167,43752
1114,570142226,99863171,43835
1115,570142232,99863170,43861
1116,570142241,99863170,43873
1117,570142249,99863180,44077
1118,570142255,99863184,44109
1119,570142264,99863189,44163
1120,570142261,99863204,44462
1121,570142257,99863210,44573
1122,570142261,99863221,44671
1123,570142265,99863233,44838
1124,570142265,99863243,44920
1125,570142263,99863249,44944
1126,570142254,99863250,44898
1127,570142250,99863263,45068
1128,570142247,99863271,45069
1129,570142247,99863282,45220
1130,570142245,99863290,45292
1131,570142239,99863304,45394
1132,570142234,99863322,45607
1133,570142226,99863334,45689
1134,570142220,99863348,45781
1135,570142219,99863357,45786
1136,570142214,99863364,45754
1137,570142212,99863378,45936
1138,570142211,99863385,45940
1139,570142205,99863396,46041
1140,570142200,99863409,46153
1141,570142194,99863419,46252
1142,570142188,99863428,46309
1143,570142183,99863436,46361
1144,570142177,99863441,46351
1145,570142168,99863436,46125
1146,570142159,99863432,45996
1147,570142152,99863436,46038
1148,570142146,99863441,46035
1149,570142139,99863440,45947
1150,570142132,99863442,45902
1151,570142128,99863447,45892
1152,570142126,99863446,45771
1153,570142124,99863449,45769
1154,570142123,99863456,45895
1155,570142122,99863458,45808
1156,570142119,99863459,45794
1157,570142114,99863463,45902
1158,570142109,99863468,45973
1159,570142102,99863471,46061
1160,570142099,99863475,46201
1161,570142099,99863476,46281
1162,570142095,99863476,46300
1163,570142096,99863476,46304
1164,570142093,99863477,46270
1165,570142085,99863472,46082
1166,570142080,99863472,46073
1167,570142076,99863468,45958
1168,570142073,99863471,45993
1169,570142067,99863468,45891
1170,570142066,99863465,45762
1171,570142064,99863461,45612
1172,570142065,99863466,45611
1173,570142065,99863469,45567
1174,570142064,99863476,45539
1175,570142062,99863480,45519
1176,570142057,99863484,45580
1177,570142048,99863482,45540
1178,570142041,99863482,45495
1179,570142034,99863483,45401
1180,570142029,99863483,45319
1181,570142027,99863481,45184
1182,570142022,99863480,45075
1183,570142034,99863485,45139
1184,570142040,99863489,45269
1185,570142050,99863494,45397
1186,570142061,99863496,45429
1187,570142073,99863502,45573
1188,570142081,99863507,45726
1189,570142089,99863514,45913
1190,570142098,99863519,46084
1191,570142103,99863524,46274
1192,570142110,99863528,46435
1193,570142119,99863528,46530
1194,570142129,99863530,46546
1195,570142141,99863532,46596
1196,570142155,99863527,46563
1197,570142165,99863520,46493
1198,570142173,99863509,46338
1199,570142182,99863515,46460
1200,570142190,99863518,46570
1201,570142199,99863521,46587
1202,570142211,99863521,46576
1203,570142224,99863528,46692
1204,570142234,99863532,46822
1205,570142248,99863537,46933
1206,570142256,99863539,46974
1207,570142259,99863543,46960
1208,570142262,99863545,46896
1209,570142260,99863550,46957
1210,570142267,99863555,46986
1211,570142264,99863560,47013
1212,570142262,99863558,46940
1213,570142262,99863563,46994
1214,570142266,99863571,47179
1215,570142274,99863575,47250
1216,570142281,99863576,47194
1217,570142287,99863584,47279
1218,570142293,99863588,47380
1219,570142294,99863591,47312
1220,570142296,99863593,47222
1221,570142298,99863591,47057
1222,570142304,99863585,46948
1223,570142305,99863581,46817
1224,570142310,99863586,46931
1225,570142312,99863586,46830
1226,570142314,99863592,46805
1227,570142314,99863593,46703
1228,570142317,99863589,46581
1229,570142323,99863587,46517
1230,570142325,99863590,46536
1231,570142323,99863597,46541
1232,570142324,99863603,46539
1233,570142322,99863602,46428
1234,570142323,99863607,46403
1235,570142322,99863612,46384
1236,570142320,99863618,46380
1237,570142318,99863622,46324
1238,570142319,99863624,46260
1239,570142320,99863632,46266
1240,570142318,99863643,46349
1241,570142324,99863656,46497
1242,570142327,99863664,46522
1243,570142327,99863676,46613
1244,570142329,99863685,46684
1245,570142325,99863687,46648
1246,570142324,99863696,46799
1247,570142321,99863705,46858
1248,570142318,99863708,46896
1249,570142317,99863715,47011
1250,570142321,99863725,47189
1251,570142323,99863729,47262
1252,570142325,99863741,47436
1253,570142322,99863752,47513
1254,570142315,99863760,47535
1255,570142307,99863767,47539
1256,570142298,99863773,47562
1257,570142294,99863781,47636
1258,570142290,99863786,47663
1259,570142289,99863795,47821
1260,570142285,99863805,47919
1261,570142279,99863815,48052
1262,570142271,99863824,48164
1263,570142261,99863830,48243
1264,570142249,99863832,48258
1265,570142242,99863838,48416
1266,570142233,99863846,48557
1267,570142229,99863854,48699
1268,570142224,99863860,48790
1269,570142218,99863868,48865
1270,570142215,99863875,48880
1271,570142211,99863880,48930
1272,570142205,99863884,48927
1273,570142201,99863891,49025
1274,570142200,99863897,49071
1275,570142195,99863904,49097
1276,570142189,99863907,49126
1277,570142183,99863912,49207
1278,570142180,99863918,49298
1279,570142179,99863925,49397
1280,570142172,99863926,49391
1281,570142166,99863926,49351
1282,570142159,99863929,49380
1283,570142151,99863930,49324
1284,570142148,99863933,49318
1285,570142143,99863933,49261
1286,570142139,99863931,49226
1287,570142133,99863927,49090
1288,570142128,99863928,49044
1289,570142121,99863929,49005
1290,570142112,99863927,48905
1291,570142104,99863927,48818
1292,570142095,99863923,48632
1293,570142088,99863921,48535
1294,570142082,99863927,48590
1295,570142075,99863930,48564
1296,570142063,99863928,48504
1297,570142054,99863932,48541
1298,570142045,99863933,48550
1299,570142034,99863931,48584
1300,570142024,99863929,48639
1301,570142016,99863932,48684
1302,570142012,99863937,48705
1303,570142011,99863942,48801
1304,570142008,99863948,48905
1305,570142003,99863951,48931
1306,570142001,99863955,49104
1307,570141999,99863958,49240
1308,570141998,99863963,49417
1309,570141994,99863965,49537
1310,570141996,99863968,49771
1311,570141998,99863971,50042
1312,570142002,99863976,50298
1313,570142007,99863980,50574
1314,570142007,99863983,50753
1315,570142011,99863988,50953
1316,570142014,99863992,51175
1317,570142018,99863997,51388
1318,570142020,99864002,51557
1319,570142020,99864005,51636
1320,570142022,99864007,51768
1321,570142024,99864010,51920
1322,570142028,99864014,52137
1323,570142030,99864015,52261
1324,570142030,99864017,52319
1325,570142031,99864018,52397
1326,570142033,99864018,52479
1327,570142033,99864017,52632
1328,570142032,99864015,52758
1329,570142032,99864013,52894
1330,570142033,99864013,53045
1331,570142035,99864012,53197
1332,570142037,99864013,53331
1333,570142039,99864008,53329
1334,570142039,99864001,53340
1335,570142040,99864002,53464
1336,570142043,99864005,53590
1337,570142044,99864004,53676
1338,570142051,99864004,53795
1339,570142055,99864000,53842
1340,570142058,99863998,53903
1341,570142062,99863998,53971
1342,570142066,99863997,54018
1343,570142072,99864001,54164
1344,570142076,99863999,54190
1345,570142079,99863998,54219
1346,570142082,99863999,54370
1347,570142090,99864003,54473
1348,570142095,99864005,54564
1349,570142101,99864004,54586
1350,570142107,99864006,54625
1351,570142111,99864009,54702
1352,570142117,99864013,54806
1353,570142124,99864017,54878
1354,570142130,99864019,54929
1355,570142137,99864025,55050
1356,570142144,99864030,55118
1357,570142151,99864033,55175
1358,570142152,99864034,55185
1359,570142156,99864038,55239
1360,570142159,99864039,55250
1361,570142160,99864037,55210
1362,570142162,99864035,55178
1363,570142165,99864034,55170
1364,570142170,99864037,55214
1365,570142170,99864035,55171
1366,570142174,99864036,55224
1367,570142177,99864034,55198
1368,570142180,99864038,55286
1369,570142184,99864039,55377
1370,570142188,99864039,55428
1371,570142192,99864039,55510
1372,570142195,99864034,55485
1373,570142196,99864039,55620
1374,570142198,99864039,55637
1375,570142202,99864038,55686
1376,570142204,99864032,55682
1377,570142207,99864032,55748
1378,570142210,99864027,55747
1379,570142213,99864023,55748
1380,570142216,99864018,55685
1381,570142218,99864012,55657
1382,570142220,99864007,55653
1383,570142223,99864005,55643
1384,570142225,99864001,55598
1385,570142229,99864000,55605
1386,570142233,99863999,55549
1387,570142237,99864002,55559
1388,570142240,99864006,55651
1389,570142242,99864006,55688
1390,570142244,99864003,55684
1391,570142247,99864004,55735
1392,570142249,99864005,55769
1393,570142251,99864009,55832
1394,570142250,99864010,55836
1395,570142251,99864011,55897
1396,570142253,99864015,56034
1397,570142255,99864021,56147
1398,570142257,99864025,56221
1399,570142261,99864031,56333
1400,570142262,99864029,56291
1401,570142259,99864028,56292
1402,570142256,99864022,56210
1403,570142254,99864019,56166
1404,570142251,99864017,56127
1405,570142246,99864013,56113
1406,570142241,99864014,56172
1407,570142238,99864013,56226
1408,570142232,99864012,56281
1409,570142227,99864009,56307
1410,570142219,99864004,56227
1411,570142208,99863997,56127
1412,570142199,99863992,56086
1413,570142188,99863982,55958
1414,570142181,99863972,55871
1415,570142171,99863960,55741
1416,570142162,99863952,55645
1417,570142156,99863948,55611
1418,570142150,99863941,55525
1419,570142142,99863933,55411
1420,570142134,99863924,55304
1421,570142123,99863911,55144
1422,570142113,99863902,55064
1423,570142103,99863892,54972
1424,570142093,99863884,54872
1425,570142082,99863876,54743
1426,570142070,99863863,54506
1427,570142060,99863854,54390
1428,570142050,99863846,54272
1429,570142043,99863837,54160
1430,570142036,99863829,54027
1431,570142028,99863818,53856
1432,570142023,99863807,53702
1433,570142017,99863797,53533
1434,570142010,99863788,53332
1435,570142003,99863779,53131
1436,570141994,99863764,52940
1437,570141985,99863750,52747
1438,570141977,99863733,52512
1439,570141971,99863726,52454
1440,570141968,99863719,52337
1441,570141964,99863707,52137
1442,570141961,99863701,52077
1443,570141959,99863696,52013
1444,570141956,99863687,51881
1445,570141956,99863677,51751
1446,570141955,99863671,51712
1447,570141956,99863663,51632
1448,570141955,99863651,51438
1449,570141955,99863648,51432
1450,570141954,99863641,51314
1451,570141957,99863628,51108
1452,570141958,99863619,50959
1453,570141955,99863610,50864
1454,570141956,99863606,50820
1455,570141955,99863605,50753
1456,570141954,99863604,50719
1457,570141957,99863602,50672
1458,570141956,99863596,50588
1459,570141951,99863588,50424
1460,570141948,99863586,50370
1461,570141945,99863574,50182
1462,570141940,99863563,50021
1463,570141935,99863555,49898
1464,570141931,99863550,49807
1465,570141927,99863543,49654
1466,570141923,99863536,49527
1467,570141920,99863528,49387
1468,570141919,99863521,49262
1469,570141915,99863510,49073
1470,570141911,99863501,48912
1471,570141906,99863492,48769
1472,570141900,99863485,48666
1473,570141896,99863479,48556
1474,570141891,99863478,48484
1475,570141889,99863477,48446
1476,570141885,99863475,48368
1477,570141881,99863469,48230
1478,570141875,99863464,48135
1479,570141873,99863463,48162
1480,570141874,99863466,48246
1481,570141871,99863462,48200
1482,570141870,99863464,48270
1483,570141869,99863466,48317
1484,570141865,99863460,48240
1485,570141861,99863454,48166
1486,570141863,99863461,48272
1487,570141860,99863460,48243
1488,570141859,99863462,48276
1489,570141859,99863470,48406
1490,570141856,99863472,48421
1491,570141852,99863473,48428
1492,570141850,99863474,48444
1493,570141850,99863480,48493
1494,570141850,99863483,48525
1495,570141849,99863481,48420
1496,570141860,99863483,48575
1497,570141871,99863489,48757
1498,570141879,99863493,48917
1499,570141888,99863502,49176
1500,570141898,99863508,49352
1501,570141907,99863513,49516
1502,570141915,99863526,49807
1503,570141921,99863540,50068
1504,570141926,99863547,50218
1505,570141931,99863555,50368
1506,570141937,99863566,50603
1507,570141943,99863571,50732
1508,570141947,99863578,50923
1509,570141953,99863580,50990
1510,570141957,99863585,51073
1511,570141961,99863594,51200
1512,570141966,99863601,51288
1513,570141972,99863609,51451
1514,570141976,99863614,51558
1515,570141980,99863616,51566
1516,570141987,99863617,51548
1517,570141992,99863620,51559
1518,570141998,99863629,51636
1519,570142002,99863633,51656
1520,570142006,99863639,51732
1521,570142012,99863645,51820
1522,570142015,99863640,51706
1523,570142019,99863640,51687
1524,570142022,99863637,51593
1525,570142023,99863635,51495
1526,570142026,99863636,51482
1527,570142031,99863636,51449
1528,570142033,99863633,51361
1529,570142036,99863627,51226
1530,570142042,99863616,50996
1531,570142044,99863605,50765
1532,570142048,99863604,50690
1533,570142052,99863602,50599
1534,570142057,99863608,50625
1535,570142059,99863605,50512
1536,570142060,99863607,50483
1537,570142062,99863601,50367
1538,570142064,99863601,50326
1539,570142062,99863597,50190
1540,570142063,99863599,50188
1541,570142063,99863588,49913
1542,570142063,99863588,49829
1543,570142063,99863589,49714
1544,570142068,99863589,49602
1545,570142068,99863589,49452
1546,570142067,99863593,49357
1547,570142064,99863593,49239
1548,570142061,99863586,48985
1549,570142061,99863576,48728
1550,570142058,99863569,48501
1551,570142061,99863566,48390
1552,570142062,99863560,48230
1553,570142062,99863551,47988
1554,570142063,99863549,47932
1555,570142062,99863545,47866
1556,570142064,99863535,47631
1557,570142065,99863527,47421
1558,570142062,99863531,47496
1559,570142060,99863530,47480
1560,570142061,99863521,47275
1561,570142054,99863515,47059
1562,570142046,99863513,46956
1563,570142046,99863502,46721
1564,570142047,99863496,46619
1565,570142044,99863494,46546
1566,570142042,99863491,46479
1567,570142041,99863488,46370
1568,570142040,99863482,46246
1569,570142041,99863473,46148
1570,570142040,99863471,46153
1571,570142042,99863467,46021
1572,570142040,99863460,45862
1573,570142040,99863455,45755
1574,570142040,99863440,45466
1575,570142038,99863432,45217
1576,570142035,99863425,44998